xMin:0
xMax:30
yMin:-1
yMax:23
collisionTiles
1111111111111111111111111111111
1111111111111111111111111111111
1111111111111111111111111111111
1111111111111111111111111111111
1111111111111111111111111111111
1111111111111111111111111111111
1111111111111111111111111111111
1111111111111111111111111111111
1111111111111111111111111111111
1003111111111111111111111111111
1000111111111111111111111111111
1000111111111111111111111111111
1101111111111111111111111111111
1101111111111111111111111111111
1101111111111111111111111111111
1101111111111111111111111111111
1101111111111111111111111111111
1101111111111111111111111111111
1101111111111111111111111111111
1000111111111111111111111111111
1000111111111111111111111111111
1200111111111111111111111111111
1111111111111111111111111111111
1111111111111111111111111111111
1111111111111111111111111111111
itemTiles
1111111111111111111111111111111
1111111111111111111111111111111
1111111111111111111111111111111
1111111111111111111111111111111
1111111111111111111111111111111
1111111111111111111111111111111
1111111111111111111111111111111
1111111111111111111111111111111
1111111111111111111111111111111
1111111111111111111111111111111
1111111111111111111111111111111
1111111111111111111111111111111
1111111111111111111111111111111
1111111111111111111111111111111
1111111111111111111111111111111
1111111111111111111111111111111
1101111111111111111111111111111
1101111111111111111111111111111
1101111111111111111111111111111
1000111111111111111111111111111
1010111111111111111111111111111
1100111111111111111111111111111
1111111111111111111111111111111
1111111111111111111111111111111
1111111111111111111111111111111
monsterTiles
1111111111111111111111111111111
1111111111111111111111111111111
1111111111111111111111111111111
1111111111111111111111111111111
1111111111111111111111111111111
1111111111111111111111111111111
1111111111111111111111111111111
1111111111111111111111111111111
1111111111111111111111111111111
1001111111111111111111111111111
1000111111111111111111111111111
1000111111111111111111111111111
1101111111111111111111111111111
1101111111111111111111111111111
1101111111111111111111111111111
1101111111111111111111111111111
1111111111111111111111111111111
1111111111111111111111111111111
1111111111111111111111111111111
1111111111111111111111111111111
1111111111111111111111111111111
1111111111111111111111111111111
1111111111111111111111111111111
1111111111111111111111111111111
1111111111111111111111111111111
