xMin:0
xMax:30
yMin:-1
yMax:23
collisionTiles
1111111111111111111111111111111
1111111111111111111111111111111
1111111111111111111111111111111
1111111111111111111111111111111
1111111111111111111111111111111
1111111111111111111111111111111
1111111111111111111111111111111
1111111111111111111111111111111
1111111111111111111111111111111
1111111111111111111111111111111
1111111111111111111111111111111
1111111111111111111111111111111
1020111000111000111000111111111
1000000000000000000003111111111
1000111000111000111000111111111
1101111101111101111101111111111
1101111101111101111101111111111
1101111101111101111101111111111
1101111101111101111101111111111
1000111000111000111000111111111
1000000000000000000000111111111
1200111000111000111003111111111
1111111111111111111111111111111
1111111111111111111111111111111
1111111111111111111111111111111
itemTiles
1111111111111111111111111111111
1111111111111111111111111111111
1111111111111111111111111111111
1111111111111111111111111111111
1111111111111111111111111111111
1111111111111111111111111111111
1111111111111111111111111111111
1111111111111111111111111111111
1111111111111111111111111111111
1111111111111111111111111111111
1111111111111111111111111111111
1111111111111111111111111111111
1111111111111111111111111111111
1111111111111111111111111111111
1111111111111111111111111111111
1111111101111111111101111111111
1111111101111111111101111111111
1111111101111111111101111111111
1111111101111111111101111111111
1111111111111000111000111111111
1111111111000000000000111111111
1111111000111000111000111111111
1111111111111111111111111111111
1111111111111111111111111111111
1111111111111111111111111111111
monsterTiles
1111111111111111111111111111111
1111111111111111111111111111111
1111111111111111111111111111111
1111111111111111111111111111111
1111111111111111111111111111111
1111111111111111111111111111111
1111111111111111111111111111111
1111111111111111111111111111111
1111111111111111111111111111111
1111111111111111111111111111111
1111111111111111111111111111111
1111111111111111111111111111111
1111111000111000111000111111111
1000000000000000000001111111111
1000111000111000111000111111111
1101111111111111111111111111111
1101111111111111111111111111111
1101111111111111111111111111111
1101111111111111111111111111111
1000111000111111111111111111111
1000000000111111111111111111111
1100111111111111111111111111111
1111111111111111111111111111111
1111111111111111111111111111111
1111111111111111111111111111111
