xMin:0
xMax:30
yMin:-1
yMax:23
collisionTiles
1111111111111111111111111111111
1111111111111111111111111111111
1111111111111111111111111111111
1111111111111111111111111111111
1111111111111111111111111111111
1003011000011003011111111111111
1000011000011000011111111111111
1000011000011000011111111111111
1101111101111101111111111111111
1101111101111101111111111111111
1101111101111101111111111111111
1101111101111101111111111111111
1000111000111000111111111111111
1000000000000000111111111111111
1000111000111000111111111111111
1101111101111101111111111111111
1101111101111101111111111111111
1101111101111101111111111111111
1101111101111101111111111111111
1000111000111000111111111111111
1000000020000000111111111111111
1000111000111000111111111111111
1111111111111111111111111111111
1111111111111111111111111111111
1111111111111111111111111111111
itemTiles
1111111111111111111111111111111
1111111111111111111111111111111
1111111111111111111111111111111
1111111111111111111111111111111
1111111111111111111111111111111
1111111111111001111111111111111
1000011000011000011111111111111
1000011000011000011111111111111
1111111111111111111111111111111
1111111111111111111111111111111
1111111111111111111111111111111
1111111111111111111111111111111
1000111000111000111111111111111
1000111000111000111111111111111
1000111000111000111111111111111
1111111111111101111111111111111
1111111111111101111111111111111
1111111111111101111111111111111
1111111111111101111111111111111
1000111000111000111111111111111
1000000110000000111111111111111
1001111000111000111111111111111
1111111111111111111111111111111
1111111111111111111111111111111
1111111111111111111111111111111
monsterTiles
1111111111111111111111111111111
1111111111111111111111111111111
1111111111111111111111111111111
1111111111111111111111111111111
1111111111111111111111111111111
1111111111111111111111111111111
1111111111111111111111111111111
1111111111111111111111111111111
1111111111111111111111111111111
1111111111111111111111111111111
1111111111111111111111111111111
1111111111111111111111111111111
1111111111111111111111111111111
1111111111111111111111111111111
1111111111111111111111111111111
1111111111111111111111111111111
1111111111111111111111111111111
1111111111111111111111111111111
1111111111111111111111111111111
1111111111111111111111111111111
1111111111111111111111111111111
1111111111111111111111111111111
1111111111111111111111111111111
1111111111111111111111111111111
1111111111111111111111111111111
