xMin:-45
xMax:30
yMin:-1
yMax:23
collisionTiles
0000000000000000000000000000000000000000000011111111111111111111111111111111
0000000000000000000000000000000000000000000011111111111111111111111111111111
1000000000000000001111111100000000000000000011111111111111111111111111111111
1111111111111111111111111111111111111111111111111111111111111111111111111111
1111111111111111111111111111111111111111111111111111111111111111111111111111
1000000000000000033333333000000000000000000000300000000000000311111111111111
1000000000000000033333333000000000000000000000000000000000000011111111111111
1000000000000000033333333000000000000000000000000000000000000011111111111111
1000000000000000033333333000000000000000000000000000000000000011111111111111
1000000000000000033333333000000000000000000000000000000000000011111111111111
1000000000000000033333333000000000000000000000000000000000000011111111111111
1000000000000000033333333000000000000000000000000000000000000011111111111111
1000000000000000033333333000000000000000000000000000000000000011111111111111
1000000000000000033333333000000000000000000000000000000000000011111111111111
1000000000000000033333333000000000000000000000000000000000000011111111111111
1000000000000000033333333000000000000000000000000000000000000011111111111111
1000000000000000033333333000000000000000000000000000000000000011111111111111
1000000000000000033333333000000000000000000000000000000000000011111111111111
1000000000000000033333333000000000000000000000000000000000000011111111111111
1000000000000000033333333000000000000000000000000000000000000011111111111111
1000000000000000033333333000000000000000000000000000022000000011111111111111
1000000000000000033333333000000000000000000000000000000000000011111111111111
1111111111111111111111111111111111111111111111111111111111111111111111111111
1111111111111111111111111111111111111111111111111111111111111111111111111111
1111111111111111111111111111111111111111111111111111111111111111111111111111
itemTiles
1111111111111111111111111111111111111111111111111111111111111111111111111111
1111111111111111111111111111111111111111111111111111111111111111111111111111
1111111111111111111111111111111111111111111111111111111111111111111111111111
1111111111111111111111111111111111111111111111111111111111111111111111111111
1111111111111111111111111111111111111111111111111111111111111111111111111111
1111111111111111111111111111111111111111111111111111111111111111111111111111
1111111111111111111111111111111000000010000000000000000000000011111111111111
1111111111111111111111111111111000000010000000000000001111111111111111111111
1111111111111111111111111111111000000110000000000011111111111111111111111111
1111111111111111111111111111111000001110000000000001111111111111111111111111
1111111111111111111111111111111000000110000000000000111111111111111111111111
1111111111111111111111111111111000000110000001111111111111111111111111111111
1111111111111111111111111111111111111110000000000000000111111111111111111111
1111111111111111111111111111111111111110000000000000000111111111111111111111
1111111111111111111111111111111111111110000000000111111111111111111111111111
1111111111111111111111111111111111111110000000000000000001111111111111111111
1111111111111111111111111111111111111110000000011111111111111111111111111111
1111111111111111111111111111111111111110000000111111111111111111111111111111
1111111111111111111111111111111111111110000000000000000000001111111111111111
1111111111111111111111111111111111111110000000000000000000011111111111111111
1111111111111111111111111111111111111110000000000111111111111111111111111111
1111111111111111111111111111111111111111111111111111111111111111111111111111
1111111111111111111111111111111111111111111111111111111111111111111111111111
1111111111111111111111111111111111111111111111111111111111111111111111111111
1111111111111111111111111111111111111111111111111111111111111111111111111111
monsterTiles
1111111111111111111111111111111111111111111111111111111111111111111111111111
1111111111111111111111111111111111111111111111111111111111111111111111111111
1111111111111111111111111111111111111111111111111111111111111111111111111111
1111111111111111111111111111111111111111111111111111111111111111111111111111
1111111111111111111111111111111111111111111111111111111111111111111111111111
1111111111111111111111111111111111111111111111111111111111111111111111111111
1111111111111110000000011111111111111111111111111111111111111111111111111111
1111111111111110000001111111111111111111111111111111111111111111111111111111
1111111111111110000001111111111111111111111111111111111111111111111111111111
1111111111111110001111111111111111111111111111111111111111111111111111111111
1111111111111110001111111111111111111111111111111111111111111111111111111111
1111111111111110000000111111111111111111111111111111111111111111111111111111
1111111111111110000011111111111111111111111111111111111111111111111111111111
1111111111111110000111111111111111111111111111111111111111111111111111111111
1111111111111110000000011111111111111111111111111111111111111111111111111111
1111111111111110000001111111111111111111111111111111111111111111111111111111
1111111111111110001111111111111111111111111111111111111111111111111111111111
1111111111111110000000111111111111111111111111111111111111111111111111111111
1111111111111110000111111111111111111111111111111111111111111111111111111111
1111111111111110000011100000001111111111111111111111111111111111111111111111
1111111111111110000000100000000001111111111111111111111111111111111111111111
1111111111111110000000010000100000000011111111111111111111111111111111111111
1111111111111111111111111111111111111111111111111111111111111111111111111111
1111111111111111111111111111111111111111111111111111111111111111111111111111
1111111111111111111111111111111111111111111111111111111111111111111111111111
